[   
        //FIRST COLUMN
        [
        [122.909654, 10.596128],
        [122.909675, 10.596128],
        [122.909675, 10.596136],
        [122.909654, 10.596136],
        ],
        [
        [122.909654, 10.596140],
        [122.909675, 10.596140],
        [122.909675, 10.596148],
        [122.909654, 10.596148],
        ],
        [
        [122.909654, 10.596152],
        [122.909675, 10.596152],
        [122.909675, 10.596160],
        [122.909654, 10.596160],
        ],
        [
        [122.909654, 10.596164],
        [122.909675, 10.596164],
        [122.909675, 10.596172],
        [122.909654, 10.596172],
        ],
        [
        [122.909654, 10.596176],
        [122.909675, 10.596176],
        [122.909675, 10.596184],
        [122.909654, 10.596184],
        ],
        [
        [122.909654, 10.596188],
        [122.909675, 10.596188],
        [122.909675, 10.596196],
        [122.909654, 10.596196],
        ],
        [
        [122.909654, 10.596200],
        [122.909675, 10.596200],
        [122.909675, 10.596208],
        [122.909654, 10.596208],
        ],
        [
        [122.909654, 10.596212],
        [122.909675, 10.596212],
        [122.909675, 10.596220],
        [122.909654, 10.596220],
        ],
        [
        [122.909654, 10.596224],
        [122.909675, 10.596224],
        [122.909675, 10.596232],
        [122.909654, 10.596232],
        ],
        [
        [122.909654, 10.596236],
        [122.909675, 10.596236],
        [122.909675, 10.596244],
        [122.909654, 10.596244],
        ],
        [
        [122.909654, 10.596248],
        [122.909675, 10.596248],
        [122.909675, 10.596256],
        [122.909654, 10.596256],
        ],
        [
        [122.909654, 10.596260],
        [122.909675, 10.596260],
        [122.909675, 10.596268],
        [122.909654, 10.596268],
        ],
        [
        [122.909654, 10.596272],
        [122.909675, 10.596272],
        [122.909675, 10.596280],
        [122.909654, 10.596280],
        ],  

        //SECOND COLUMN
        [
        [122.909678, 10.596128],
        [122.909699, 10.596128],
        [122.909699, 10.596136],
        [122.909678, 10.596136],
        ],
        [
        [122.909678, 10.596140],
        [122.909699, 10.596140],
        [122.909699, 10.596148],
        [122.909678, 10.596148],
        ],
        [	
        [122.909678, 10.596152],
        [122.909699, 10.596152],
        [122.909699, 10.596160],
        [122.909678, 10.596160],
        ],
        [
        [122.909678, 10.596164],
        [122.909699, 10.596164],
        [122.909699, 10.596172],
        [122.909678, 10.596172],
        ],
        [
        [122.909678, 10.596176],
        [122.909699, 10.596176],
        [122.909699, 10.596184],
        [122.909678, 10.596184],
        ],
        [
        [122.909678, 10.596188],
        [122.909699, 10.596188],
        [122.909699, 10.596196],
        [122.909678, 10.596196],
        ],
        [
        [122.909678, 10.596200],
        [122.909699, 10.596200],
        [122.909699, 10.596208],
        [122.909678, 10.596208],
        ],
        [
        [122.909678, 10.596212],
        [122.909699, 10.596212],
        [122.909699, 10.596220],
        [122.909678, 10.596220],
        ],
        [
        [122.909678, 10.596224],
        [122.909699, 10.596224],
        [122.909699, 10.596232],
        [122.909678, 10.596232],
        ],
        [
        [122.909678, 10.596236],
        [122.909699, 10.596236],
        [122.909699, 10.596244],
        [122.909678, 10.596244],
        ],
        [
        [122.909678, 10.596248],
        [122.909699, 10.596248],
        [122.909699, 10.596256],
        [122.909678, 10.596256],
        ],
        [
        [122.909678, 10.596260],
        [122.909699, 10.596260],
        [122.909699, 10.596268],
        [122.909678, 10.596268],
        ],
        [
        [122.909678, 10.596272],
        [122.909699, 10.596272],
        [122.909699, 10.596280],
        [122.909678, 10.596280],
        ],

        //THIRD COLUMN
        [
        [122.909702, 10.596128],
        [122.909723, 10.596128],
        [122.909723, 10.596136],
        [122.909702, 10.596136],
        ],
        [
        [122.909702, 10.596140],
        [122.909723, 10.596140],
        [122.909723, 10.596148],
        [122.909702, 10.596148],
        ],
        [
        [122.909702, 10.596152],
        [122.909723, 10.596152],
        [122.909723, 10.596160],
        [122.909702, 10.596160],
        ],
        [
        [122.909702, 10.596164],
        [122.909723, 10.596164],
        [122.909723, 10.596172],
        [122.909702, 10.596172],
        ],
        [
        [122.909702, 10.596176],
        [122.909723, 10.596176],
        [122.909723, 10.596184],
        [122.909702, 10.596184],
        ],
        [
        [122.909702, 10.596188],
        [122.909723, 10.596188],
        [122.909723, 10.596196],
        [122.909702, 10.596196],
        ],
        [
        [122.909702, 10.596200],
        [122.909723, 10.596200],
        [122.909723, 10.596208],
        [122.909702, 10.596208],
        ],
        [
        [122.909702, 10.596212],
        [122.909723, 10.596212],
        [122.909723, 10.596220],
        [122.909702, 10.596220],
        ],
        [
        [122.909702, 10.596224],
        [122.909723, 10.596224],
        [122.909723, 10.596232],
        [122.909702, 10.596232],
        ],
        [
        [122.909702, 10.596236],
        [122.909723, 10.596236],
        [122.909723, 10.596244],
        [122.909702, 10.596244],
        ],
        [
        [122.909702, 10.596248],
        [122.909723, 10.596248],
        [122.909723, 10.596256],
        [122.909702, 10.596256],
        ],
        [
        [122.909702, 10.596260],
        [122.909723, 10.596260],
        [122.909723, 10.596268],
        [122.909702, 10.596268],
        ],
        [
        [122.909702, 10.596272],
        [122.909723, 10.596272],
        [122.909723, 10.596280],
        [122.909702, 10.596280],
        ],
    ]